主程序在"hw8.m"中，hw8.m调用了Jacobi.m函数进行Jacobi方法求特征值与特征向量
输出结果为：
r1 = 4.574951567411646, v1 = (-0.103965057671226, -0.546298309791898, -0.607110394962342, 0.422401936786384, 0.379134535000077)
r2 = -12.760554989536701, v2 = (-0.089237799158950, -0.591436262877802, 0.440769378981434, -0.525458315474254, 0.414554791801641)
r3 = 11.023392437622023, v3 = (0.411863066200938, -0.342987729063185, 0.542909167327747, 0.615542569828908, -0.197699805694323)
r4 = -4.061950892675782, v4 = (0.768640632093740, -0.221689944800774, -0.369282263728577, -0.395443961497614, -0.259422107923248)
r5 = 16.224161877179100, v5 = (0.469881128987740, 0.430086374764395, 0.077585878921283, 0.101002873927344, 0.760273822851789)